0.000	7.430	10.000	6.000	4.814	7.412	10.000	6.000	4.822	75.614	128.127	121.198	6.353	1.694	1.603	5.408	75.547	109.284	699.743	91.401	121.345	116.652	132.875	133.654	36.331	39.802	61.246	78.902	56.911	17.459	98.816	74.527	84.029	79.642	8.382	9.796	8.241	9.551	12.897	13.183	16.266	18.758	0.711	7.042	1.600	0.072	1.575	4.857	3.607	3.089	1.786	1.784	15.000	15.000	24.000	24.000	117.644	117.421	43.800	43.800	2.290	2.270	19.500	19.689
1.010	7.805	10.000	6.000	4.651	7.791	10.000	6.000	4.657	76.579	128.454	120.252	7.407	1.677	1.570	6.385	103.998	70.733	112.476	102.556	70.727	80.560	58.803	108.457	33.629	45.582	61.312	72.944	66.159	43.031	76.605	23.883	102.333	175.873	7.345	7.912	8.233	11.081	7.634	8.185	13.603	14.563	2.012	2.092	0.041	1.863	3.266	3.004	1.068	1.401	1.680	1.681	14.000	14.000	22.000	22.000	119.831	119.712	41.000	41.000	2.121	2.132	19.000	19.000
2.020	8.208	10.000	6.000	4.481	8.192	10.000	6.000	4.488	74.534	124.988	121.128	2.418	1.677	1.625	3.089	94.750	92.317	434.340	115.710	62.293	69.948	122.557	122.360	32.978	35.639	59.412	66.851	67.161	20.884	43.488	98.658	76.761	41.688	13.138	16.023	12.822	13.836	8.625	9.593	20.514	17.501	0.994	18.035	0.868	2.356	0.584	11.015	0.280	7.045	1.927	1.913	15.000	15.000	25.391	25.191	125.868	125.595	45.244	44.863	2.272	2.258	20.000	20.000
3.030	8.590	10.000	6.000	4.330	8.574	10.000	6.000	4.336	77.270	135.374	121.102	10.847	1.752	1.567	10.543	86.988	118.240	397.112	105.165	73.006	83.041	119.000	131.266	37.059	40.989	61.328	74.235	75.518	26.030	116.245	68.439	95.589	147.823	13.033	14.075	16.688	17.362	8.647	9.241	5.897	6.326	0.529	22.080	0.547	0.678	0.768	14.992	5.713	11.798	2.108	2.099	15.997	15.916	27.998	27.951	131.998	131.942	49.898	49.836	2.368	2.354	21.032	21.204
4.040	8.918	10.000	6.000	4.214	8.902	10.000	6.000	4.219	76.775	133.670	119.577	10.186	1.741	1.557	10.543	73.113	74.569	193.623	104.251	105.493	108.897	88.858	116.914	51.177	45.665	61.271	78.776	70.922	20.598	56.844	64.244	53.241	56.811	9.811	11.328	9.105	14.938	9.225	10.161	16.988	18.162	1.120	2.716	1.396	0.626	6.504	0.836	1.947	1.941	2.245	2.228	16.055	16.000	29.226	28.977	135.284	134.965	50.848	50.461	2.608	2.610	19.110	19.001
5.051	9.279	10.000	6.000	4.106	9.268	10.000	6.000	4.109	73.126	115.039	118.103	-6.081	1.573	1.615	-2.663	199.343	85.402	313.196	168.709	92.247	93.591	126.634	163.147	57.848	56.198	59.519	72.112	91.452	27.525	226.678	40.594	44.776	84.124	11.792	15.153	12.110	20.889	17.699	18.026	7.706	8.689	2.129	0.719	4.580	7.780	0.205	7.285	2.278	14.075	2.385	2.392	17.000	17.000	32.000	32.000	139.771	139.621	52.219	52.375	2.436	2.421	21.203	21.463
6.061	9.576	10.000	6.000	4.040	9.563	10.000	6.000	4.043	77.320	129.083	119.420	7.884	1.669	1.544	7.486	136.113	183.835	1224.382	111.193	131.897	130.756	81.210	90.375	26.920	31.434	59.987	67.703	80.870	20.880	216.012	149.667	81.612	79.118	17.603	18.128	29.082	27.231	11.948	12.650	9.263	9.969	0.338	1.167	1.228	2.395	0.382	2.566	2.934	0.160	2.589	2.575	18.000	18.000	33.986	33.817	141.999	141.931	57.267	56.842	2.818	2.795	20.000	20.000
7.071	9.891	10.000	6.000	4.003	9.877	10.000	6.000	4.004	76.287	127.503	118.202	6.344	1.671	1.549	7.295	163.461	137.417	447.377	90.743	79.857	93.047	112.091	121.803	30.300	32.653	60.276	71.825	66.327	28.931	212.944	205.172	112.308	77.437	13.526	14.062	8.708	9.395	12.093	12.536	7.829	8.453	13.354	4.806	2.049	7.139	7.320	0.317	1.532	2.877	2.535	2.539	18.000	18.000	34.000	34.000	142.580	142.342	57.778	58.024	2.834	2.882	20.580	20.342
8.081	10.185	10.000	6.000	4.000	10.172	10.000	6.000	4.000	78.380	134.167	117.717	13.056	1.712	1.502	12.261	153.164	117.599	535.793	103.479	94.048	108.971	109.116	123.954	37.261	47.384	59.477	72.961	86.896	25.968	167.562	124.466	46.465	94.197	20.681	21.793	13.608	14.197	22.551	23.135	11.515	12.670	0.014	13.185	5.920	0.502	0.581	8.303	0.055	0.634	2.788	2.770	19.082	18.913	37.115	36.841	144.077	143.913	64.127	63.423	2.939	2.938	22.077	21.919
9.091	10.437	10.000	6.000	4.000	10.424	10.000	6.000	4.000	78.278	141.321	117.604	15.441	1.805	1.502	16.782	240.674	163.802	428.321	99.496	73.130	86.536	91.595	110.424	59.932	59.843	56.602	65.474	62.405	33.639	379.964	139.070	297.140	51.713	10.235	11.068	13.544	14.408	11.224	11.767	9.952	11.207	0.156	6.597	1.489	1.315	1.502	2.890	1.809	6.188	2.730	2.730	18.805	18.994	36.000	36.000	147.000	147.000	66.604	66.600	2.830	2.830	24.000	24.000
10.101	10.704	10.000	6.000	4.000	10.692	10.000	6.000	4.000	81.191	153.369	118.385	21.286	1.889	1.458	22.810	279.022	223.366	537.598	141.437	83.544	102.246	126.247	120.042	58.138	57.866	59.091	65.746	48.532	35.209	102.019	216.743	298.863	43.828	14.367	15.690	8.145	8.765	14.360	14.679	6.933	7.599	8.709	1.211	3.811	0.586	4.789	0.329	2.461	1.129	2.917	2.896	19.557	19.336	38.672	38.481	148.000	148.000	69.102	68.460	3.084	3.063	22.423	22.243
11.111	10.967	10.000	6.000	4.000	10.955	10.000	6.000	4.000	78.023	130.459	117.368	11.293	1.672	1.504	10.035	174.373	122.115	804.186	113.908	101.107	112.871	88.154	117.453	22.875	31.803	55.952	61.413	61.955	19.208	166.900	157.176	147.757	21.373	9.977	11.750	17.179	17.537	6.713	6.974	8.574	10.025	0.516	2.095	7.394	3.520	0.525	1.280	1.750	0.524	2.830	2.838	19.000	19.000	38.000	38.000	148.996	148.810	70.309	70.855	2.880	2.890	24.000	24.074
12.121	11.194	10.000	6.000	4.000	11.181	10.000	6.000	4.000	79.051	135.805	119.824	14.390	1.718	1.516	11.768	195.226	174.366	287.786	105.312	88.555	105.532	86.721	99.775	29.556	35.755	60.463	69.564	56.709	33.355	116.272	84.165	45.533	68.311	10.257	11.817	10.542	11.668	16.685	17.928	14.690	15.272	2.809	2.446	1.894	1.851	0.254	7.964	2.035	3.650	2.878	2.867	19.000	19.000	38.040	38.000	151.027	151.000	70.762	70.640	2.903	2.899	24.000	24.000
13.131	11.431	10.000	6.000	4.000	11.422	10.000	6.000	4.000	76.972	131.370	121.434	8.697	1.707	1.578	7.563	250.078	172.305	676.854	101.140	89.272	91.613	86.572	114.713	25.494	34.336	54.445	69.051	44.445	14.271	106.699	89.422	100.545	66.308	12.090	12.935	11.328	17.777	13.029	13.401	5.799	6.407	3.906	0.080	1.176	0.075	0.838	0.751	0.562	5.141	3.160	3.141	20.749	20.591	41.781	41.634	152.490	152.659	76.081	75.238	3.180	3.171	23.510	23.341
14.141	11.630	10.000	6.000	4.000	11.622	10.000	6.000	4.000	77.170	131.671	120.816	8.676	1.706	1.566	8.244	237.176	150.387	655.117	99.825	99.191	106.800	99.054	116.680	57.965	54.912	59.696	73.874	45.290	19.049	54.926	95.056	154.337	108.996	18.252	20.547	7.472	9.811	8.413	9.126	7.073	7.464	18.242	0.074	2.043	11.265	6.490	2.414	0.756	5.500	2.974	2.992	20.140	20.312	39.223	39.508	151.000	151.000	78.507	78.886	3.074	3.068	25.140	25.312
15.152	11.828	10.000	6.000	4.000	11.819	10.000	6.000	4.000	79.260	142.081	118.431	16.273	1.793	1.494	16.645	210.618	150.318	980.668	98.190	82.119	94.434	102.514	127.220	31.539	36.254	60.749	71.247	51.848	19.139	109.953	56.382	101.189	137.341	7.165	7.775	9.100	10.916	8.199	8.889	9.754	10.803	1.268	17.890	0.450	7.025	3.313	6.524	0.418	4.633	3.317	3.292	21.251	21.078	43.589	43.187	154.251	154.078	89.492	88.539	3.041	3.031	29.282	29.099
16.162	12.001	10.000	6.000	4.000	11.995	10.000	6.000	4.000	79.051	137.929	121.720	13.168	1.745	1.540	11.752	214.412	96.010	698.129	99.221	100.695	111.235	167.802	146.648	57.498	57.011	59.382	73.321	47.216	13.100	44.317	125.019	254.908	136.010	20.441	20.357	17.150	21.657	7.521	8.049	7.478	8.198	2.820	1.052	0.573	1.086	7.854	2.767	2.317	0.627	3.397	3.404	22.000	22.000	45.205	45.385	156.795	156.615	97.664	97.808	3.111	3.108	31.205	31.385
17.172	12.134	10.000	5.978	3.981	12.126	10.000	5.980	3.983	79.051	137.980	119.513	14.901	1.745	1.512	13.384	245.713	177.147	1305.660	109.296	115.805	116.666	114.445	120.343	28.861	38.509	59.706	78.749	42.550	12.105	100.159	76.052	70.374	97.357	11.751	13.080	21.643	21.797	10.141	11.293	8.764	9.466	1.637	3.069	10.233	11.347	1.177	1.272	9.109	13.801	3.376	3.398	21.255	21.498	44.533	45.024	157.000	157.000	99.015	99.522	3.273	3.276	30.275	30.522
18.182	12.255	10.000	5.912	3.925	12.250	10.000	5.916	3.928	84.986	165.059	116.639	29.869	1.942	1.372	29.335	242.165	225.815	443.115	91.489	71.937	85.259	73.944	88.836	61.732	56.009	59.936	70.283	49.178	49.841	143.084	309.951	99.606	47.058	9.790	10.965	11.560	12.379	8.369	9.196	12.192	12.655	2.550	6.130	0.194	2.874	2.338	1.341	0.312	3.803	3.252	3.213	20.250	19.948	43.449	42.903	159.000	158.997	85.876	84.980	3.240	3.240	26.119	26.000
19.192	12.359	10.000	5.814	3.839	12.354	10.000	5.819	3.843	85.653	171.678	117.681	30.651	2.004	1.374	31.452	211.877	242.987	1575.859	86.350	85.076	95.310	104.400	114.141	29.881	34.240	60.960	80.416	40.660	13.345	134.012	152.455	101.326	70.245	9.973	11.135	17.346	17.790	11.913	12.519	10.123	11.730	3.801	0.345	1.308	0.079	0.329	0.089	2.218	6.517	3.392	3.385	21.249	21.090	45.000	45.000	158.000	158.000	100.522	100.062	3.060	3.053	33.000	33.000
20.202	12.446	10.000	5.703	3.739	12.441	10.000	5.710	3.745	80.863	142.901	117.480	22.802	1.767	1.453	17.789	250.856	167.624	1285.635	101.808	96.367	107.651	96.139	104.299	26.333	30.636	59.453	73.161	35.697	13.427	44.371	114.786	187.742	160.556	16.863	19.096	10.719	12.564	7.521	7.998	9.734	10.399	1.635	21.184	3.450	15.274	0.880	3.640	4.899	10.691	3.444	3.449	22.000	22.000	45.841	45.978	158.000	158.000	103.105	103.187	3.194	3.199	32.159	32.022
21.212	12.545	10.000	5.557	3.602	12.540	10.000	5.565	3.610	79.576	143.410	121.097	12.328	1.802	1.522	15.559	270.681	144.613	2250.843	115.777	115.348	109.457	98.905	111.145	39.685	49.306	59.103	63.750	44.943	7.440	137.622	116.881	81.307	88.832	9.331	10.725	11.686	13.121	16.143	16.414	5.775	6.907	1.710	20.956	4.846	17.862	0.385	3.166	6.153	27.093	3.238	3.258	20.191	20.401	43.166	43.358	160.000	160.000	94.136	95.754	3.021	3.043	31.389	31.561
22.222	12.636	10.000	5.417	3.466	12.630	10.000	5.425	3.474	79.365	140.167	119.290	16.340	1.766	1.503	14.894	256.491	134.936	1575.468	154.027	107.265	103.489	114.824	118.466	29.978	34.097	26.914	43.328	61.440	9.705	202.040	64.910	78.636	421.011	6.825	7.328	10.901	15.458	10.629	11.147	7.423	7.955	0.131	5.667	1.596	0.051	4.328	1.972	2.957	0.623	3.518	3.488	21.863	21.673	46.725	46.346	161.000	161.000	97.578	96.052	3.348	3.319	29.000	29.000
23.232	12.746	10.000	5.261	3.305	12.740	10.000	5.268	3.313	79.470	139.449	117.039	18.864	1.755	1.473	16.071	207.988	151.569	1655.999	120.922	78.666	83.751	137.618	134.822	29.913	34.745	49.358	55.678	54.860	9.661	272.200	78.678	139.909	113.114	8.115	8.782	31.447	29.950	6.632	6.937	13.111	14.039	1.869	10.092	2.694	9.896	2.644	10.666	1.979	5.297	3.487	3.490	21.958	21.995	45.958	46.000	162.000	161.995	107.538	107.591	3.179	3.180	33.971	33.997
24.242	12.870	10.000	5.115	3.143	12.865	10.000	5.120	3.149	80.808	145.464	121.763	15.512	1.800	1.507	16.294	252.054	176.435	2072.342	82.323	63.871	78.666	112.044	131.069	30.871	36.860	62.139	81.613	26.282	7.719	108.852	190.209	98.460	51.030	10.259	11.684	7.679	8.427	10.274	10.991	10.370	11.189	26.859	2.879	6.679	4.997	1.149	0.102	10.210	2.750	3.491	3.475	21.507	21.313	46.507	46.313	162.507	162.313	101.364	100.957	3.277	3.272	31.000	31.000
25.253	13.002	10.000	4.999	2.998	12.994	10.000	5.004	3.006	79.893	144.001	116.877	19.627	1.802	1.463	18.836	213.914	199.681	4243.838	71.378	100.272	101.870	86.729	97.607	31.598	34.871	52.093	57.663	39.077	4.829	98.250	92.126	50.545	56.116	21.684	23.656	10.033	15.193	8.947	9.996	14.340	14.672	10.873	2.366	9.807	2.926	2.667	3.434	5.449	0.325	3.334	3.336	20.000	20.000	44.000	44.000	164.000	164.000	90.646	90.862	3.296	3.255	27.790	28.254
26.263	13.172	10.000	4.884	2.828	13.165	10.000	4.888	2.835	82.988	157.806	122.065	20.118	1.902	1.471	22.649	251.821	194.444	1591.116	150.256	92.772	94.984	135.158	128.016	51.989	49.064	38.653	50.776	53.849	9.892	193.676	310.604	162.404	73.510	6.970	7.496	14.520	16.013	14.167	14.422	7.024	8.961	1.730	0.254	2.061	2.926	0.182	0.267	1.635	3.471	3.470	3.470	21.000	21.000	46.000	46.000	164.000	164.000	97.136	97.462	3.179	3.204	30.966	30.856
27.273	13.369	10.000	4.770	2.631	13.360	10.000	4.775	2.640	83.857	160.261	119.619	26.123	1.911	1.426	25.360	300.304	212.388	1157.996	122.376	87.852	101.945	119.384	126.374	57.264	53.406	34.273	43.594	45.229	23.747	31.319	207.226	210.413	98.212	30.812	35.319	13.746	14.721	8.882	9.496	10.347	11.104	1.869	0.297	5.818	3.844	0.705	0.027	1.934	18.257	3.519	3.459	21.402	21.055	46.893	46.117	165.000	165.000	98.685	96.801	3.072	3.053	32.507	32.082
28.283	13.570	10.000	4.665	2.430	13.561	10.000	4.670	2.439	79.734	144.677	121.455	17.356	1.814	1.523	16.051	177.999	198.603	1183.250	115.383	87.825	90.563	97.746	127.618	53.816	51.167	52.544	53.961	45.394	12.391	251.598	121.380	142.709	352.633	6.916	7.759	14.255	17.085	15.178	15.686	7.743	8.245	0.912	2.593	11.669	0.255	0.924	0.676	1.449	4.187	3.564	3.560	22.000	22.000	47.091	47.008	165.091	165.008	106.373	106.307	3.154	3.150	34.000	34.000
29.293	13.814	10.000	4.548	2.186	13.803	10.000	4.553	2.197	81.411	151.923	116.832	22.388	1.866	1.435	23.098	224.640	189.734	3686.944	77.897	114.289	108.671	99.812	97.227	84.601	95.353	44.890	66.288	40.795	5.080	93.713	129.686	59.824	52.865	6.640	7.460	19.879	19.621	7.377	8.738	20.242	18.035	1.448	2.330	15.894	1.326	0.659	2.266	17.059	0.958	3.538	3.542	21.000	21.000	47.000	47.000	166.000	166.000	108.162	108.134	3.106	3.117	34.724	34.527
30.303	14.067	10.000	4.431	1.933	14.055	10.000	4.437	1.945	81.191	147.813	116.827	23.008	1.821	1.439	20.963	254.467	222.471	2293.460	1930.388	68.376	81.983	74.748	92.943	35.446	42.255	24.666	27.750	11.244	8.508	91.388	149.574	60.586	97.692	16.270	16.964	8.872	9.973	18.310	18.524	7.118	7.989	1.525	0.894	11.134	4.198	0.198	1.861	12.885	6.865	3.610	3.612	22.000	22.000	48.000	48.000	166.000	166.000	111.855	111.725	3.181	3.183	35.000	35.000
31.313	14.298	10.000	4.327	1.702	14.286	10.000	4.332	1.714	83.624	158.994	116.716	23.513	1.901	1.396	26.591	279.323	209.501	1052.152	161.831	85.546	89.489	85.801	99.319	145.061	176.856	81.257	108.113	80.441	19.872	101.126	193.479	110.553	165.963	10.491	15.006	17.841	18.892	11.621	12.315	8.371	9.126	1.355	0.669	2.103	2.275	0.414	1.065	2.336	14.090	3.690	3.688	22.000	22.000	48.991	48.891	167.000	167.000	115.493	115.417	3.120	3.123	36.991	36.891
32.323	14.550	10.000	4.213	1.450	14.538	10.000	4.218	1.462	83.565	160.349	116.477	25.090	1.919	1.394	27.360	230.993	183.870	5298.806	176.498	81.402	96.441	70.663	101.150	42.531	53.500	51.379	54.218	69.811	4.534	177.548	317.163	138.997	95.377	5.278	8.051	15.210	15.994	7.260	7.714	16.587	16.788	0.202	2.893	29.232	8.507	1.012	1.283	6.706	1.343	3.437	3.431	21.000	21.000	45.137	45.019	167.000	167.000	104.737	105.007	3.184	3.174	32.743	32.899
33.333	14.775	10.000	4.109	1.225	14.766	10.000	4.113	1.234	81.911	151.093	124.892	16.767	1.845	1.525	17.341	212.026	150.406	1246.016	280.489	94.530	100.175	83.184	107.328	47.519	67.968	21.298	29.103	71.808	16.174	151.948	241.449	90.250	141.183	5.135	6.077	9.859	10.829	15.371	15.674	5.720	6.150	0.372	0.624	0.466	17.505	0.119	4.174	4.323	1.831	3.303	3.284	20.284	20.157	43.563	43.312	166.000	166.000	87.277	86.877	2.828	2.825	31.000	31.000
34.343	15.010	10.000	3.995	0.990	14.999	10.000	4.001	1.001	81.577	150.247	117.513	21.993	1.842	1.441	21.787	309.556	142.902	255.893	141.996	91.385	97.793	106.242	99.285	59.068	62.446	32.059	35.264	60.468	25.032	152.487	195.400	108.780	136.231	8.341	13.094	16.305	17.154	9.604	10.814	6.073	6.397	0.695	0.342	6.990	3.918	0.427	0.246	0.995	5.754	3.667	3.706	22.281	22.479	48.879	49.483	165.000	165.000	110.146	110.576	3.281	3.310	33.411	33.216
35.354	15.244	10.000	3.870	0.756	15.232	10.000	3.876	0.768	84.270	164.034	117.361	28.022	1.947	1.393	28.454	259.665	157.927	774.675	163.856	70.530	88.514	76.199	91.408	29.302	35.496	27.900	30.803	64.231	36.310	202.968	259.004	88.767	116.869	23.266	21.850	13.407	13.684	17.761	16.848	14.801	15.052	0.575	0.524	1.866	1.159	0.808	1.701	0.428	5.764	3.511	3.497	21.000	21.000	46.876	46.678	165.000	165.000	108.714	108.260	3.160	3.148	34.000	34.000
36.364	15.462	10.000	3.744	0.538	15.451	10.000	3.751	0.549	84.567	169.080	118.008	28.290	1.999	1.395	30.206	227.818	181.690	198.969	137.841	76.278	93.409	104.250	116.997	54.671	53.177	56.103	74.687	68.844	5.117	134.483	399.768	78.348	61.868	7.228	11.009	6.246	6.558	7.041	7.795	12.156	12.595	1.839	1.298	8.614	23.870	1.226	0.355	4.483	1.644	3.617	3.615	22.000	22.000	48.000	48.000	166.000	166.000	111.211	111.125	3.271	3.264	34.000	34.000
37.374	15.710	10.000	3.596	0.290	15.700	10.000	3.602	0.300	82.702	153.018	120.545	23.091	1.850	1.458	21.222	210.115	173.723	323.530	69.846	113.628	108.431	96.907	102.083	18.642	33.451	40.558	53.293	26.968	13.385	175.230	293.310	77.208	80.281	9.264	10.618	12.074	14.588	8.225	8.761	13.833	14.563	0.960	0.465	2.875	6.222	0.116	2.178	4.182	2.394	3.441	3.444	21.000	21.000	46.000	46.000	166.000	166.000	102.516	102.606	3.245	3.237	32.013	32.082
38.384	15.964	10.000	3.445	0.036	15.952	10.000	3.452	0.048	81.744	151.580	117.111	25.469	1.854	1.433	22.740	277.330	158.277	461.077	133.883	64.097	83.783	40.705	62.400	28.740	37.719	41.412	47.813	42.355	55.201	150.798	328.517	96.014	82.270	5.283	6.410	9.476	10.483	6.570	7.693	15.772	16.355	0.728	1.806	0.439	0.310	0.355	0.480	0.166	12.607	3.551	3.558	21.000	21.000	46.908	46.990	167.000	167.000	109.927	109.993	3.292	3.297	33.000	33.000
39.394	16.189	10.000	3.315	-0.189	16.179	10.000	3.320	-0.179	81.911	154.339	121.808	18.909	1.884	1.487	21.078	319.241	217.212	88.462	49.673	96.517	101.654	96.567	116.968	30.288	38.477	59.206	67.027	15.967	65.459	96.381	228.448	99.146	41.436	9.798	10.764	23.727	24.590	9.441	10.430	10.597	11.311	1.308	7.848	0.910	41.093	4.663	5.478	7.394	4.827	3.527	3.502	21.122	21.023	46.566	46.182	167.000	167.000	107.089	106.378	3.107	3.101	34.372	34.137
40.404	16.430	10.000	3.186	-0.430	16.421	10.000	3.191	-0.421	80.591	148.774	121.313	18.169	1.846	1.505	18.458	192.130	163.911	292.065	62.684	115.620	114.755	123.934	124.314	25.940	38.828	49.900	55.245	43.767	21.274	265.944	268.558	155.107	214.482	7.411	8.092	14.096	14.995	10.066	10.779	6.800	7.114	1.827	2.485	1.222	7.761	0.189	0.695	1.383	7.809	3.689	3.708	22.000	22.000	48.771	49.169	168.000	168.000	121.462	121.701	3.169	3.188	38.718	38.553
41.414	16.630	10.000	3.094	-0.630	16.622	10.000	3.097	-0.622	81.026	151.943	119.522	19.951	1.875	1.475	21.337	216.140	182.265	1251.863	84.381	74.025	90.905	82.968	104.089	40.458	58.031	23.987	31.362	39.846	22.465	131.058	256.472	103.999	70.022	15.047	15.295	17.227	18.260	10.488	11.325	8.284	9.488	11.721	31.882	0.503	3.006	1.842	2.412	8.617	5.333	3.627	3.618	21.000	21.000	48.000	48.000	170.000	170.000	115.476	115.531	3.197	3.209	36.479	36.308
42.424	16.833	10.000	3.024	-0.833	16.825	10.000	3.026	-0.825	81.633	151.725	120.074	18.492	1.859	1.471	20.861	274.611	141.591	268.797	70.497	67.092	80.047	79.702	96.323	21.542	39.652	32.017	45.546	27.535	14.392	263.776	184.850	113.655	56.487	18.204	18.830	7.166	8.106	8.180	8.784	10.789	11.848	0.905	0.582	5.903	15.967	0.752	4.240	10.144	12.370	3.730	3.730	22.000	22.000	49.000	49.000	171.000	171.000	120.115	120.457	2.999	2.992	40.126	40.525
43.434	17.001	10.000	3.000	-1.001	16.995	10.000	3.000	-0.995	83.391	159.921	119.831	25.906	1.918	1.437	25.068	187.167	250.615	1278.012	53.031	91.910	109.616	106.589	109.670	26.501	33.259	79.947	107.051	25.714	28.242	71.058	186.411	112.391	123.127	8.767	11.320	7.192	7.944	12.765	13.164	8.718	9.512	0.288	0.197	1.729	1.843	0.092	0.015	3.438	1.485	3.669	3.622	21.304	21.068	48.831	48.277	171.000	171.000	98.864	96.679	3.229	3.212	30.629	30.140
44.444	17.129	10.000	3.000	-1.129	17.122	10.000	3.000	-1.122	83.218	161.540	117.820	28.499	1.941	1.416	27.065	167.055	166.118	736.605	57.601	67.293	87.918	103.773	105.252	20.402	28.419	48.440	69.787	26.141	28.824	136.562	101.029	44.825	119.769	21.925	22.081	9.506	10.642	11.352	15.692	16.037	16.516	3.270	1.820	7.219	9.217	0.793	3.845	6.521	19.267	3.714	3.731	21.847	22.009	48.820	49.012	171.000	171.000	121.256	121.300	3.064	3.081	39.209	38.988
45.455	17.257	10.000	3.000	-1.257	17.252	10.000	3.000	-1.252	85.288	172.891	122.902	30.010	2.027	1.441	28.914	244.530	137.593	1260.320	78.869	76.795	78.980	103.487	112.428	41.120	56.628	41.978	58.255	38.546	12.138	111.102	565.921	299.626	56.681	19.157	20.319	13.726	14.400	7.789	8.353	8.944	9.844	0.218	30.204	9.172	5.457	3.488	5.566	2.968	3.418	3.331	3.319	19.181	19.084	44.154	44.070	171.000	171.000	94.613	94.606	2.981	2.960	31.026	31.352
46.465	17.374	10.000	3.000	-1.374	17.370	10.000	3.000	-1.370	83.333	159.825	123.763	23.360	1.918	1.485	22.563	156.227	200.301	422.033	63.637	87.615	109.322	90.036	102.289	57.428	83.811	49.232	72.667	37.896	34.416	91.667	621.941	114.601	132.683	8.784	9.494	9.956	10.558	11.775	12.473	9.174	10.039	0.933	7.344	11.609	11.352	0.118	3.777	0.540	34.570	3.826	3.851	22.379	22.557	50.947	51.268	171.000	171.000	121.400	121.400	3.200	3.226	38.486	38.206
47.475	17.474	10.000	3.000	-1.474	17.470	10.000	3.000	-1.470	84.448	165.645	123.574	24.419	1.962	1.463	25.398	316.770	214.340	660.951	65.144	82.682	101.435	90.751	103.979	72.110	95.445	51.850	63.405	19.653	45.950	75.092	556.500	198.920	78.627	7.978	9.877	15.179	15.901	16.347	16.937	12.988	14.297	0.519	4.366	11.344	3.135	0.194	4.332	15.623	3.949	3.610	3.610	21.000	21.000	48.000	48.000	170.000	170.000	113.592	113.821	3.098	3.088	36.407	36.518
48.485	17.577	10.000	3.000	-1.577	17.572	10.000	3.000	-1.572	83.624	158.719	117.547	27.764	1.898	1.406	25.941	227.066	188.683	4672.810	49.035	84.400	82.557	93.606	108.134	26.667	28.630	34.224	42.547	24.831	6.665	136.993	325.224	81.259	78.415	20.383	20.727	8.013	8.738	8.206	8.966	15.335	15.670	0.235	1.942	8.553	5.643	0.756	0.464	9.617	11.424	3.794	3.796	22.000	22.000	50.000	50.000	170.000	170.000	124.974	124.449	3.283	3.285	37.778	37.651
49.495	17.678	10.000	3.000	-1.678	17.674	10.000	3.000	-1.674	83.975	166.790	122.198	25.632	1.986	1.455	26.735	296.326	240.678	1709.651	63.640	79.891	87.738	100.722	115.215	26.625	35.986	32.555	41.958	22.117	12.497	94.560	501.998	75.915	42.709	13.905	16.647	12.827	13.879	17.719	18.165	18.873	19.068	13.643	41.895	18.572	10.338	0.098	1.266	25.477	5.343	3.471	3.464	20.001	20.000	46.018	45.885	171.001	171.000	104.401	104.513	3.160	3.159	33.001	33.064
50.505	17.768	10.000	3.000	-1.768	17.764	10.000	3.000	-1.764	84.034	160.488	116.654	28.320	1.910	1.388	27.313	290.559	223.386	1817.717	55.688	67.145	80.857	47.612	72.646	34.352	45.365	36.068	48.501	19.093	10.995	137.593	442.600	66.597	221.021	19.666	20.370	7.443	7.978	13.889	14.458	11.322	12.044	1.289	0.736	4.567	2.612	0.752	0.225	0.879	19.650	3.790	3.792	22.000	22.000	50.000	50.000	172.000	172.000	122.701	122.124	3.200	3.203	37.918	37.678
51.515	17.870	10.000	3.000	-1.870	17.865	10.000	3.000	-1.865	84.448	166.329	117.302	29.413	1.970	1.389	29.476	295.580	171.616	4434.311	146.248	78.008	84.978	110.092	115.116	31.369	34.913	35.523	55.827	59.426	5.728	170.431	157.530	104.859	64.497	12.981	13.459	17.599	19.880	7.084	7.555	8.339	9.981	0.642	0.468	0.957	16.059	1.485	0.856	6.100	13.581	3.757	3.760	22.000	22.000	50.000	50.000	173.000	173.000	128.678	128.700	3.245	3.240	39.921	39.998
52.525	17.966	10.000	3.000	-1.966	17.961	10.000	3.000	-1.961	84.626	166.493	120.007	30.929	1.967	1.418	27.921	275.894	238.737	441.366	74.945	87.585	94.554	69.653	90.943	29.225	34.825	45.854	47.895	26.514	33.989	119.399	308.612	70.775	101.800	20.667	21.233	8.105	8.687	7.609	8.272	14.753	14.904	1.326	0.262	8.578	0.618	2.119	0.316	15.687	0.545	3.700	3.700	21.000	21.000	49.000	49.000	173.000	173.000	127.582	127.591	3.229	3.231	39.992	39.986
53.535	18.082	10.000	3.000	-2.075	18.077	10.000	3.000	-2.071	84.866	172.139	119.107	28.359	2.028	1.403	30.808	293.227	205.008	1174.175	130.471	109.656	113.868	116.093	122.902	27.964	34.953	42.565	57.776	31.511	5.908	122.396	408.959	98.645	44.690	9.019	9.748	9.241	9.898	13.177	13.860	29.857	32.495	1.649	5.388	1.221	4.890	1.933	0.732	0.596	15.616	3.629	3.625	21.000	21.000	48.000	48.000	174.000	174.000	115.837	115.811	3.262	3.267	35.142	35.046
54.545	18.218	10.000	3.000	-2.179	18.213	10.000	3.000	-2.176	83.624	160.497	125.306	20.526	1.919	1.498	21.926	233.951	146.840	4221.879	51.072	77.036	95.394	82.579	96.758	35.096	46.763	49.749	59.986	19.463	4.099	136.847	669.190	161.917	71.006	15.186	15.650	8.757	9.348	15.184	15.604	8.053	8.606	0.666	10.649	0.363	0.353	0.793	4.176	2.237	3.781	3.771	3.772	21.606	21.743	50.000	50.000	175.000	175.000	122.495	122.331	3.266	3.261	38.000	38.000
55.556	18.351	10.000	3.000	-2.271	18.345	10.000	3.000	-2.267	83.102	161.314	118.426	23.213	1.941	1.425	26.586	293.236	213.423	781.307	100.487	72.304	76.969	106.954	125.886	19.628	28.304	45.124	48.595	25.083	8.908	132.057	287.522	120.260	120.154	20.991	21.567	5.982	6.278	11.489	12.042	6.371	6.746	0.281	1.798	13.942	12.086	0.673	5.473	7.813	10.557	3.686	3.671	21.000	21.000	48.858	48.609	176.000	176.000	110.379	109.933	3.197	3.181	34.258	34.132
56.566	18.500	10.000	3.000	-2.370	18.494	10.000	3.000	-2.367	84.507	170.609	124.070	26.966	2.019	1.468	27.278	317.604	197.922	3047.799	104.407	84.034	98.760	128.162	132.272	26.560	35.491	56.131	64.848	22.830	5.559	89.694	374.938	135.767	96.629	7.824	8.610	15.255	15.884	8.653	9.565	13.525	14.083	4.627	6.052	17.011	14.552	1.412	3.797	33.329	3.867	3.800	3.809	21.166	21.293	50.280	50.379	176.000	176.000	132.032	132.254	3.222	3.235	40.766	40.601
57.576	18.642	10.000	3.000	-2.471	18.637	10.000	3.000	-2.467	84.093	164.400	122.242	26.006	1.955	1.454	25.643	218.128	164.579	1123.597	59.401	108.038	94.648	128.747	130.038	23.350	28.235	53.285	57.305	18.338	5.345	279.597	416.218	154.728	68.224	11.911	12.924	9.811	10.437	7.946	8.587	21.589	23.110	15.554	0.982	1.716	0.039	3.039	0.151	3.073	1.429	4.184	4.196	24.000	24.000	55.070	55.285	176.965	176.858	133.658	134.454	3.303	3.311	40.070	40.285
58.586	18.761	10.000	3.000	-2.567	18.757	10.000	3.000	-2.563	82.873	163.652	124.059	22.785	1.975	1.497	24.194	332.373	143.825	996.249	76.020	84.778	90.830	86.494	106.552	83.848	90.779	74.128	80.188	26.718	20.950	85.475	413.085	145.020	50.297	6.945	13.660	8.383	9.074	14.237	14.608	8.491	9.570	46.846	3.337	0.845	1.392	11.663	1.444	5.854	10.942	3.800	3.801	21.045	21.124	50.000	50.000	177.000	177.000	125.299	125.136	3.235	3.228	39.000	39.000
59.596	18.872	10.000	3.000	-2.680	18.868	10.000	3.000	-2.676	84.211	165.049	124.807	24.770	1.960	1.482	24.382	227.227	167.160	2150.494	104.909	72.125	90.213	114.744	118.116	79.234	95.355	31.146	36.402	39.115	10.601	151.761	809.405	85.451	56.668	10.049	11.260	8.246	8.904	17.832	18.398	9.754	11.998	1.575	11.046	3.772	5.873	0.920	8.178	0.758	8.967	3.809	3.809	21.993	21.991	49.994	49.991	176.000	176.009	121.683	121.686	3.210	3.210	37.995	38.000
60.606	18.946	10.000	3.000	-2.790	18.944	10.000	3.000	-2.785	85.531	171.127	121.186	30.438	2.001	1.417	29.184	330.210	208.360	436.350	58.636	90.388	94.337	90.048	105.409	22.203	24.670	26.885	45.430	18.333	20.220	103.913	349.608	113.866	108.108	9.832	10.778	7.079	7.481	9.590	10.761	9.709	10.407	0.206	5.217	1.121	0.785	0.518	4.197	9.523	9.848	3.540	3.540	20.000	20.000	47.000	47.000	176.000	176.000	107.900	107.918	3.170	3.168	34.000	34.000
61.616	18.993	10.000	3.000	-2.922	18.992	10.000	3.000	-2.916	83.333	166.996	118.389	31.131	2.004	1.421	29.107	279.016	177.544	1419.835	86.583	92.389	93.068	115.804	115.338	53.662	60.476	52.988	55.361	23.777	16.476	169.198	177.570	100.993	92.437	21.677	22.072	9.318	10.485	8.713	9.345	7.679	8.489	1.877	0.332	3.713	4.221	2.513	2.112	14.035	1.276	3.800	3.808	21.921	21.998	50.946	50.998	175.079	175.002	122.145	122.198	3.318	3.320	37.000	37.000
62.626	19.000	10.000	2.985	-3.077	19.000	10.000	2.988	-3.068	85.409	168.252	117.720	30.450	1.970	1.378	30.034	230.808	126.863	3989.596	92.454	85.852	100.708	99.903	105.048	38.411	47.901	55.847	62.169	46.728	5.660	123.400	202.409	107.084	74.138	10.890	16.324	11.181	11.934	7.854	8.471	8.744	9.811	6.513	0.326	0.350	26.583	1.959	2.364	2.282	17.951	3.678	3.667	21.000	21.000	48.249	48.097	176.000	176.000	127.829	127.274	3.066	3.062	41.536	41.322
63.636	19.000	10.000	2.875	-3.271	19.000	10.000	2.882	-3.260	83.565	161.644	118.536	28.145	1.934	1.418	26.668	314.651	193.500	1196.068	121.603	75.068	81.639	93.201	98.433	21.962	25.506	30.542	39.203	43.854	9.246	120.319	454.029	107.754	90.424	8.962	9.864	7.014	7.428	15.555	16.036	8.189	8.829	78.310	35.131	0.194	22.151	9.949	6.504	2.545	2.820	3.829	3.837	21.779	21.927	50.779	50.927	176.221	176.073	135.996	135.739	3.284	3.283	41.221	41.073
64.646	19.000	10.000	2.650	-3.541	19.000	10.000	2.661	-3.529	82.136	155.356	119.996	23.321	1.891	1.461	22.761	348.825	210.058	908.972	83.440	88.824	90.855	159.645	153.399	18.626	20.656	35.986	64.767	26.970	9.454	139.020	178.726	222.130	74.758	7.467	8.270	16.234	17.346	7.812	8.394	8.710	9.424	1.975	5.952	6.659	8.948	6.420	3.866	7.138	8.650	3.736	3.734	21.000	21.000	49.638	49.438	177.000	177.000	134.098	133.988	3.295	3.297	40.495	40.324
65.657	19.000	10.000	2.354	-3.841	19.000	10.000	2.368	-3.827	82.930	162.253	116.945	27.955	1.956	1.410	27.924	390.847	217.969	5187.365	122.732	68.384	79.113	86.559	105.358	34.838	44.237	62.573	68.271	33.412	5.243	78.205	276.113	132.474	35.625	10.113	11.304	8.800	9.917	14.455	15.512	16.235	17.624	4.963	2.739	38.595	1.710	0.641	0.069	9.323	0.843	3.529	3.557	20.049	20.194	47.078	47.312	178.000	178.000	121.978	123.859	3.185	3.199	38.275	38.714
66.667	19.000	10.000	2.057	-4.116	19.000	10.000	2.072	-4.102	85.960	170.141	116.511	30.805	1.979	1.355	31.521	296.658	227.400	1831.579	66.653	143.831	140.934	55.417	78.247	33.296	55.649	71.676	83.337	21.716	21.487	214.840	317.447	112.129	48.572	22.079	23.883	8.623	9.335	10.566	11.215	14.177	15.567	13.925	19.630	1.281	9.638	1.508	9.142	21.719	23.084	3.844	3.805	21.772	21.417	50.658	50.126	178.886	178.709	128.290	126.561	3.276	3.255	38.790	38.643
67.677	19.000	10.000	1.730	-4.402	19.000	10.000	1.747	-4.388	86.269	176.815	119.051	31.101	2.050	1.380	32.669	268.904	138.047	1432.045	109.217	95.103	102.614	68.960	92.377	23.145	33.553	35.764	45.502	41.403	14.703	269.227	124.772	98.159	59.285	9.329	10.429	8.350	10.179	5.848	8.882	17.238	17.621	0.190	10.016	5.167	0.334	0.496	2.243	0.890	0.294	3.720	3.721	21.000	21.000	49.000	49.000	179.000	179.000	128.504	128.587	3.219	3.215	40.000	40.000
68.687	19.000	10.000	1.455	-4.633	19.000	10.000	1.468	-4.622	84.093	166.850	117.561	30.735	1.984	1.398	29.541	207.683	198.471	1679.617	91.510	98.035	111.762	73.146	93.585	30.114	36.323	45.972	51.032	29.342	18.381	143.094	262.885	107.410	35.933	10.027	10.789	7.209	9.195	7.285	7.910	6.945	9.849	1.092	4.685	0.469	18.066	0.255	3.683	7.579	12.779	3.712	3.732	21.000	21.000	49.238	49.449	179.000	179.000	128.534	129.748	3.252	3.264	39.224	39.382
69.697	19.000	10.000	1.204	-4.838	19.000	10.000	1.213	-4.831	87.783	184.515	121.927	34.000	2.102	1.389	33.920	278.920	180.297	744.526	119.469	100.267	99.879	91.943	91.459	26.289	29.788	51.109	65.083	37.177	14.982	290.696	561.907	308.229	99.433	10.212	11.408	8.475	9.208	7.289	7.728	16.114	16.369	2.282	0.766	9.345	8.235	2.124	2.646	20.526	4.899	3.681	3.652	21.058	20.877	49.134	48.757	178.000	178.018	109.022	107.639	3.112	3.106	35.134	34.776
70.707	19.000	10.000	1.044	-4.966	19.000	10.000	1.049	-4.962	86.145	173.908	117.330	33.517	2.019	1.362	32.533	187.769	220.324	755.111	112.386	106.515	101.023	83.658	95.391	31.118	34.218	35.346	40.901	56.165	37.415	137.666	370.057	104.930	89.406	8.427	9.263	8.763	9.539	9.619	10.808	13.473	14.010	7.138	0.743	4.656	30.178	10.944	0.546	6.572	24.949	3.561	3.566	20.000	20.000	47.000	47.000	178.000	178.000	122.657	123.596	3.124	3.121	39.377	39.806
71.717	19.000	10.000	1.000	-5.000	19.000	10.000	1.000	-5.000	82.136	154.777	124.346	23.320	1.884	1.514	19.662	262.595	87.098	6088.701	128.774	105.493	102.796	61.630	79.522	33.050	40.480	29.597	36.190	43.907	1.741	191.425	115.474	175.147	68.555	15.107	15.682	6.984	7.561	8.948	10.378	8.063	8.857	0.532	0.400	12.136	13.005	0.207	0.245	23.094	13.769	3.671	3.655	21.000	20.992	48.172	47.927	178.000	178.000	121.537	120.627	3.182	3.179	38.164	37.927
72.727	19.043	10.000	1.000	-5.000	19.041	10.000	1.000	-5.000	84.567	170.861	125.516	26.790	2.020	1.484	26.539	247.250	104.124	7329.878	154.242	80.421	109.318	103.308	116.437	34.626	42.868	34.272	60.744	47.000	1.400	283.453	699.693	184.511	98.373	16.084	16.889	12.317	12.675	9.115	10.046	8.247	8.907	2.756	3.205	12.079	4.804	1.071	3.265	5.836	1.938	3.705	3.702	21.000	21.000	49.000	49.000	178.000	178.000	137.982	137.514	3.234	3.236	42.468	42.316
73.737	19.143	10.000	1.000	-5.000	19.138	10.000	1.000	-5.000	84.746	164.788	122.816	26.486	1.945	1.449	25.470	254.971	121.311	2085.712	55.034	85.802	96.539	66.607	86.730	52.316	55.252	51.863	67.654	25.962	3.931	133.257	396.716	230.585	136.436	7.648	8.739	8.997	10.059	8.899	9.591	7.495	8.125	4.196	1.605	7.305	40.918	0.170	0.255	10.576	8.262	3.668	3.684	20.335	20.514	48.243	48.386	179.000	179.000	132.849	133.245	3.288	3.300	41.000	41.000
74.747	19.267	10.000	1.000	-5.000	19.261	10.000	1.000	-5.000	82.930	160.009	122.662	23.354	1.929	1.479	23.340	241.948	123.827	1416.739	128.327	82.134	97.883	125.074	124.389	16.807	23.016	51.088	57.546	46.332	3.308	119.079	375.397	135.574	124.917	20.532	21.029	19.069	21.949	6.926	7.432	15.480	15.704	9.263	1.638	2.243	1.838	5.375	0.120	26.299	4.446	3.697	3.695	21.000	21.000	49.000	49.000	180.000	180.000	141.459	141.047	3.210	3.210	43.536	43.412
75.758	19.428	10.000	1.000	-5.000	19.423	10.000	1.000	-5.000	83.975	165.756	125.092	22.756	1.974	1.490	24.532	277.943	97.384	4151.315	101.113	63.648	70.600	107.963	120.586	23.493	34.883	37.291	47.193	33.809	2.108	222.421	269.383	320.902	185.281	9.259	10.159	16.422	17.010	11.041	11.631	11.431	12.429	1.623	1.490	1.235	9.473	3.538	4.736	18.540	9.281	3.563	3.579	20.000	20.000	47.212	47.467	180.000	180.000	133.628	134.632	3.040	3.051	44.106	44.234
76.768	19.594	10.000	1.000	-5.000	19.588	10.000	1.000	-5.000	84.448	166.493	124.901	25.685	1.972	1.479	24.982	231.386	83.470	2711.871	133.519	85.367	91.800	129.920	137.283	30.849	44.364	24.630	43.142	48.446	3.284	118.718	543.155	323.451	72.200	14.781	16.085	9.182	10.011	15.605	16.049	5.896	6.907	1.193	4.082	12.910	1.152	0.135	0.909	14.346	0.259	3.810	3.807	21.000	20.965	50.000	49.976	181.000	181.000	147.500	147.218	3.160	3.157	47.000	46.929
77.778	19.737	10.000	1.000	-5.000	19.731	10.000	1.000	-5.000	85.106	173.695	117.162	31.023	2.041	1.377	32.547	244.078	90.515	701.150	48.792	61.601	76.548	62.105	89.853	23.273	24.810	53.834	68.293	16.697	7.089	152.424	193.238	143.068	70.652	14.684	15.077	10.288	11.802	8.147	8.845	12.636	15.399	5.184	3.062	0.445	15.691	2.893	0.395	0.253	35.073	3.740	3.737	21.000	21.000	49.976	49.864	181.000	181.000	142.547	143.546	3.108	3.106	46.145	46.354
78.788	19.871	10.000	1.000	-5.000	19.866	10.000	1.000	-5.000	85.714	171.824	119.342	30.393	2.005	1.392	30.544	258.104	83.834	981.754	253.884	73.095	83.779	122.164	118.526	13.604	18.359	50.093	74.831	80.832	3.844	250.790	330.796	199.455	61.228	9.044	9.816	7.846	8.936	8.693	9.441	13.695	14.056	1.083	11.442	2.284	7.517	1.454	1.533	2.698	5.413	3.745	3.740	21.000	21.000	49.073	49.001	181.000	181.000	136.406	135.629	3.231	3.230	42.243	41.973
79.798	19.958	10.000	1.000	-5.000	19.954	10.000	1.000	-5.000	84.448	168.206	117.254	30.044	1.992	1.388	30.291	301.158	104.903	2567.227	363.857	51.097	69.024	106.517	113.435	32.272	43.126	31.040	52.288	68.095	6.100	217.742	304.022	105.912	173.781	12.972	13.295	12.713	13.466	6.286	6.887	7.185	7.731	0.499	0.692	15.248	11.712	0.528	3.069	3.403	21.647	3.490	3.493	19.000	19.031	46.001	46.056	181.000	181.000	124.998	125.849	3.079	3.086	40.970	41.191
80.808	20.000	10.000	1.000	-5.000	19.999	10.000	1.000	-5.000	84.567	166.040	120.497	28.323	1.963	1.425	27.429	273.718	103.405	1356.925	84.076	108.436	111.465	115.240	121.650	17.345	23.616	63.751	63.923	33.543	2.789	131.929	322.622	245.884	78.775	7.140	8.114	7.397	7.872	8.043	8.757	11.561	12.181	1.260	6.453	5.225	8.831	1.155	2.053	29.376	2.876	3.877	3.895	21.898	21.976	51.563	51.896	181.000	181.000	140.335	140.539	3.171	3.178	44.000	44.000
81.818	20.000	10.000	1.000	-5.000	20.000	10.000	1.000	-5.000	84.151	164.054	120.563	26.747	1.950	1.433	26.510	253.677	121.581	623.416	125.160	83.740	93.337	104.868	109.951	28.725	35.873	33.316	38.816	43.315	19.979	374.891	197.469	139.056	118.996	14.747	15.056	22.523	23.479	7.699	8.308	12.960	17.752	0.230	3.008	1.943	16.184	3.821	2.629	0.453	28.079	3.745	3.731	21.000	21.000	49.469	49.267	181.000	181.000	133.916	133.693	3.231	3.221	41.561	41.687
82.828	20.000	10.000	1.000	-5.000	20.000	10.000	1.000	-5.000	86.083	176.894	126.904	27.193	2.055	1.474	28.260	216.971	77.565	3928.519	107.933	129.217	133.222	102.736	104.830	36.867	50.462	51.434	49.859	42.543	2.855	199.372	458.779	357.270	279.331	7.372	8.090	8.687	9.441	11.801	12.302	11.676	12.108	9.500	0.149	15.600	27.009	10.054	1.942	30.956	8.994	3.394	3.392	19.000	19.000	45.000	45.000	181.000	181.000	111.136	111.650	3.171	3.156	34.701	35.140
83.838	20.000	10.000	1.000	-5.000	20.000	10.000	1.000	-5.000	84.626	170.102	116.738	32.328	2.010	1.379	31.372	262.163	95.127	4357.280	103.534	89.135	88.872	93.597	97.842	46.501	57.624	60.443	67.120	30.475	3.515	202.232	301.341	113.461	120.504	10.484	11.757	13.687	14.686	7.081	7.751	6.309	6.717	1.569	1.741	8.577	8.847	0.391	0.448	4.199	4.993	3.946	3.957	22.000	22.000	52.598	52.778	181.000	181.000	135.920	135.303	3.216	3.249	42.451	41.745
84.848	20.000	10.000	1.000	-5.000	20.000	10.000	1.000	-5.000	86.894	179.845	117.649	34.609	2.070	1.354	34.583	349.793	92.433	2322.786	82.878	84.078	85.943	58.081	81.078	76.265	79.601	33.333	51.065	23.782	3.657	126.032	337.109	152.551	46.776	16.080	16.718	6.923	7.317	9.672	10.433	8.323	9.082	3.013	3.473	7.038	9.235	0.521	1.322	4.976	14.005	3.774	3.785	21.000	21.000	50.355	50.560	181.000	181.000	145.344	145.158	3.170	3.170	45.791	45.576
85.859	20.000	10.000	1.000	-5.000	20.000	10.000	1.000	-5.000	87.083	185.485	116.613	36.208	2.130	1.339	37.131	334.815	88.697	3489.832	60.712	92.468	105.435	129.120	125.285	38.610	47.953	44.881	66.694	19.496	3.633	226.505	488.634	152.530	78.189	13.902	14.774	13.690	14.049	7.758	8.766	8.148	8.811	0.664	45.316	15.236	14.232	0.865	11.386	13.656	17.929	3.590	3.619	20.000	20.000	47.847	48.302	181.000	181.000	132.799	135.583	3.109	3.128	42.735	43.526
86.869	20.000	10.000	1.000	-5.000	20.000	10.000	1.000	-5.000	86.393	180.537	117.019	36.471	2.090	1.354	35.183	337.089	93.920	3028.352	97.427	104.439	98.934	76.826	96.961	27.503	49.589	44.301	49.422	31.749	4.550	288.609	442.206	140.265	91.710	8.227	9.011	15.342	16.103	5.857	6.050	10.250	12.068	0.643	1.471	18.192	3.068	4.021	6.537	3.654	3.945	3.745	3.706	20.778	20.566	49.642	49.282	181.778	181.566	131.090	128.346	3.099	3.088	41.981	41.373
87.879	20.000	10.000	1.000	-5.000	20.000	10.000	1.000	-5.000	86.022	175.502	117.275	34.318	2.040	1.363	33.178	275.726	97.250	2476.036	208.560	85.279	103.007	71.879	79.066	37.587	52.333	27.492	65.046	85.703	3.657	174.505	413.365	123.973	99.260	17.580	18.297	15.113	15.961	7.539	8.131	7.368	10.057	1.490	1.001	7.532	2.809	2.402	0.693	13.656	9.619	3.826	3.837	21.000	21.000	50.652	50.815	182.000	182.000	139.109	139.799	3.168	3.156	44.173	44.543
88.889	20.000	10.000	1.000	-5.000	20.000	10.000	1.000	-5.000	88.561	188.488	120.001	37.347	2.128	1.355	36.335	296.766	117.680	1071.417	75.664	79.855	94.852	127.617	124.809	21.548	23.176	62.206	85.874	27.806	4.151	123.722	781.302	267.981	89.549	20.147	20.837	7.323	7.714	6.704	7.041	6.747	7.111	5.199	0.641	6.352	3.493	2.551	2.835	1.445	12.782	3.638	3.632	20.000	20.000	48.000	48.000	182.000	182.000	137.679	136.757	2.971	2.986	46.826	46.281
89.899	20.000	10.000	1.000	-5.000	20.000	10.000	1.000	-5.000	86.768	176.350	117.210	33.510	2.032	1.351	33.535	310.623	110.108	4044.233	128.474	125.598	117.138	104.976	95.741	48.652	73.652	43.112	56.093	39.088	3.204	119.713	381.900	120.301	96.190	12.327	13.159	12.069	13.060	15.724	18.083	9.799	11.126	3.974	0.364	1.222	0.260	1.414	0.853	2.372	1.462	3.853	3.840	21.000	21.000	50.900	50.720	182.000	182.000	156.490	156.112	3.106	3.099	50.000	50.000
90.909	20.000	10.000	1.000	-5.000	20.000	10.000	1.000	-5.000	82.023	157.264	122.050	21.895	1.917	1.488	22.391	301.615	61.899	1689.940	111.081	79.399	86.255	74.181	87.445	22.150	23.912	48.579	53.738	38.822	2.392	158.647	132.285	26.843	169.146	25.774	26.140	8.882	10.054	29.865	29.598	7.585	8.398	8.065	4.303	7.750	44.554	1.763	0.578	3.895	32.458	3.720	3.745	20.200	20.449	49.200	49.449	182.000	182.000	150.648	152.182	3.124	3.127	48.399	48.897
91.919	20.000	10.000	1.000	-5.000	20.000	10.000	1.000	-5.000	88.561	184.888	116.090	36.875	2.088	1.311	37.210	362.407	140.612	6652.558	141.482	91.443	91.795	92.710	95.555	32.458	45.797	54.511	52.317	37.545	2.628	280.832	454.313	134.763	205.916	10.612	11.582	17.366	18.539	7.246	7.769	6.276	6.469	5.957	0.467	17.209	10.608	1.190	4.384	5.167	1.182	3.786	3.775	20.986	20.880	49.926	49.747	183.000	183.000	154.165	153.136	3.076	3.068	49.972	49.760
92.929	20.000	10.000	1.000	-5.000	20.000	10.000	1.000	-5.000	86.580	177.621	116.469	33.929	2.052	1.345	34.428	268.295	96.196	5478.973	58.341	97.341	100.746	136.400	123.844	39.000	51.435	23.808	43.620	21.691	2.820	168.391	409.474	194.928	95.610	15.540	18.090	9.418	10.207	6.466	6.871	6.547	7.053	0.570	3.889	15.449	5.613	1.689	0.508	8.811	1.074	3.540	3.542	19.011	19.014	47.006	47.028	184.000	183.979	134.623	135.158	3.050	3.051	43.908	44.149
93.939	20.000	10.000	1.000	-5.000	20.000	10.000	1.000	-5.000	87.209	179.957	119.066	33.801	2.064	1.365	33.836	242.340	76.986	2403.951	91.726	128.191	127.067	67.682	87.441	40.202	44.220	49.478	54.869	42.028	3.028	189.099	342.427	105.113	130.452	17.354	18.823	7.113	7.674	7.035	7.591	7.833	9.132	12.989	3.897	17.984	4.050	1.716	0.528	29.709	2.983	3.808	3.802	20.947	20.783	50.000	50.000	184.000	184.000	142.256	141.629	3.248	3.243	43.844	43.636
94.949	20.000	10.000	1.000	-5.000	20.000	10.000	1.000	-5.000	79.628	139.480	118.129	17.807	1.752	1.484	15.307	244.001	71.095	2572.221	77.894	65.686	84.614	85.033	87.063	52.159	62.239	29.548	50.364	26.644	3.488	153.492	129.223	172.315	191.744	16.653	17.351	8.144	9.036	8.859	9.726	6.826	7.196	0.553	9.449	6.457	2.229	2.759	1.020	2.542	1.504	3.696	3.709	20.000	20.000	48.925	48.998	184.000	184.000	142.114	143.191	3.226	3.230	43.656	43.953
95.960	20.000	10.000	1.000	-5.000	20.000	10.000	1.000	-5.000	84.686	171.169	120.134	28.673	2.021	1.419	29.816	237.801	77.690	3482.230	180.674	76.336	86.565	105.266	103.735	26.478	30.371	47.669	60.873	69.565	2.415	135.270	252.580	153.952	197.688	20.468	20.653	11.428	13.076	7.956	8.697	6.616	7.264	2.173	2.086	0.366	11.375	1.302	0.564	2.812	5.839	3.602	3.590	19.076	19.003	48.205	48.038	185.000	185.000	127.674	127.218	3.183	3.180	40.152	40.006
96.970	20.000	10.000	1.000	-5.000	20.000	10.000	1.000	-5.000	85.531	177.188	118.499	31.084	2.072	1.385	33.123	304.485	65.737	492.266	106.869	72.637	93.170	62.709	84.411	42.277	50.743	43.141	70.587	39.118	9.534	202.582	281.967	130.859	242.378	7.158	7.897	7.940	8.585	12.521	13.216	7.675	8.285	8.066	0.479	17.840	2.790	23.323	0.498	22.972	23.614	3.854	3.864	21.000	21.000	51.000	51.000	185.000	185.000	147.131	146.887	3.190	3.202	46.523	46.305
97.980	20.000	10.000	1.000	-5.000	20.000	10.000	1.000	-5.000	85.167	169.417	116.679	30.714	1.989	1.370	31.129	377.377	76.851	3382.167	85.349	75.811	83.153	90.683	105.294	46.984	70.378	64.919	62.700	21.185	3.764	171.182	306.971	79.411	109.160	18.003	18.888	7.755	8.830	10.957	12.353	15.433	15.699	3.162	9.523	5.697	2.453	1.232	4.836	0.842	2.567	3.796	3.787	20.647	20.432	50.647	50.432	185.000	185.000	138.229	138.332	3.192	3.175	43.257	43.433
98.990	20.000	10.000	1.000	-5.000	20.000	10.000	1.000	-5.000	87.209	174.940	116.371	32.126	2.006	1.334	33.480	213.871	88.320	4327.438	168.527	80.304	86.222	78.496	86.992	27.150	32.596	33.046	35.664	70.979	2.305	260.754	447.062	167.194	66.175	12.684	13.197	12.451	12.984	14.424	14.727	16.651	17.038	7.100	7.284	6.106	7.807	6.459	3.661	10.939	10.959	3.783	3.787	20.000	20.000	50.000	50.000	185.000	185.000	142.568	143.233	3.043	3.049	46.778	46.900
100.000	20.000	10.000	1.000	-5.000	20.000	10.000	1.000	-5.000	80.053	142.377	118.188	26.096	1.779	1.476	16.990	161.255	44.733	1476.833	84.403	60.788	83.627	99.061	113.016	59.942	86.162	46.718	52.698	35.723	2.958	68.980	150.206	177.983	125.802	25.367	27.405	12.652	18.080	7.482	8.039	7.508	8.074	0.718	0.532	1.255	0.557	0.420	0.731	13.332	4.782	3.732	3.730	20.000	20.000	49.000	49.000	185.000	185.000	128.506	128.303	3.153	3.146	41.000	41.000
